all count:441933 (488 outliers, 1 / 1000)
max: 1997.8949456752773 min:0 count: 441445   (1940)
max: 999.7938063892509 min: 0 count: 439505   (1031)
max: 799.8578064639054 min: 0 count: 438474
